 15
 00  39  36  20  20  27  25  27  32  20  21  38  23  31
 28  00  28  37  29  37  40  31  27  21  36  25  40  26
 36  32  00  31  37  27  23  30  20  23  36  37  37  21
 24  22  39  00  28  21  24  27  33  27  23  25  36  39
 24  26  31  25  00  29  37  40  35  33  35  21  33  22
 21  33  36  20  40  00  23  29  21  38  34  35  39  25
 32  25  20  33  35  30  00  22  29  37  40  36  40  22
 38  34  37  39  22  39  26  00  20  27  29  20  25  28
 38  21  36  27  34  30  32  39  00  31  32  24  28  27
 35  21  24  38  26  31  22  40  25  00  21  38  36  36
 33  33  29  24  37  29  29  22  37  36  00  38  20  30
 26  34  34  20  32  25  32  24  36  24  36  00  21  36
 40  23  35  38  31  31  39  34  37  23  33  33  00  31
 25  36  31  20  40  33  29  33  27  28  40  27  38  00
 38  29  23  25  20  35  36  30  40  39  35  32  21  35
